30
487037106
5 1992 1994 1998 2000 2005
443258609
7 1995 1998 1999 2001 2005 2009 2010
391326016
3 1989 1991 1995
547556718
3 1994 1998 2003
942040251
3 1982 1983 1985
697273743
6 1981 1985 1986 1991 1993 1995
847742110
1 1993
633660771
4 1978 1980 1981 1986
258336941
8 1995 1999 2001 2003 2005 2008 2010 2013
547974617
2 1975 1980
398376665
0
260222292
0
858171048
6 1979 1982 1985 1987 1991 1995
131463789
5 1978 1981 1986 1989 1993
509938224
5 1982 1983 1986 1987 1990
586007239
1 1983
970178810
8 1965 1969 1972 1975 1978 1983 1988 1990
192931824
2 1970 1974
340448129
6 1992 1997 2002 2006 2009 2013
355610636
6 1992 1993 1996 2001 2004 2008
690351741
8 1966 1971 1974 1978 1982 1986 1991 1993
428615518
1 1985
764313671
9 1968 1971 1974 1977 1979 1983 1988 1993 1994
545801130
6 1974 1975 1978 1979 1984 1985
565757974
6 1985 1987 1988 1993 1995 1998
693693884
8 1992 1997 2000 2002 2006 2010 2014 2019
492166411
4 1977 1980 1982 1984
586460692
2 1966 1969
443879082
7 1974 1977 1981 1982 1986 1988 1990
850208225
2 1978 1983
