20
Modesto
971114353
6 1976 1977 1978 1981 1983 1987
Samuel
340448129
4 1984 1985 1989 1992
Mike
450334338
3 1972 1974 1976
Antoine
547556718
8 1982 1987 1992 1994 1998 2000 2005 2008
Van
856850365
1 1976
Lyle
261006431
1 1969
Elroy
502783375
5 1982 1983 1985 1986 1991
Leif
487037106
0
Murray
896087452
8 1980 1985 1988 1991 1995 1998 2002 2005
Korey
848966373
5 1967 1968 1969 1970 1975
Nestor
942040251
1 1969
Bret
810418339
6 1976 1977 1978 1983 1986 1987
Pat
260222292
5 1976 1978 1983 1984 1985
Logan
336512955
1 1983
Malcolm
680162721
9 1982 1983 1988 1993 1998 2003 2004 2007 2009
Arlen
970178810
7 1965 1969 1974 1978 1980 1984 1985
Josh
687817886
3 1979 1984 1985
Dannie
258336941
3 1983 1987 1989
Wilford
192931824
1 1976
Hans
392692866
2 1978 1983

